0.000000E+00    0.000000E+00   
8.000000E-03    8.000000E-03   
1.600000E-02    1.600000E-02   
2.400000E-02    2.400000E-02   
3.200000E-02    3.200000E-02   
4.000000E-02    4.000000E-02   
4.800000E-02    4.800000E-02   
5.600000E-02    5.600000E-02   
6.400000E-02    6.400000E-02   
7.200000E-02    7.200000E-02   
8.000000E-02    8.000000E-02   
8.800000E-02    8.800000E-02   
9.600000E-02    9.600000E-02   
1.040000E-01    1.040000E-01   
1.120000E-01    1.120000E-01   
1.200000E-01    1.200000E-01   
1.280000E-01    1.280000E-01   
1.360000E-01    1.360000E-01   
1.440000E-01    1.440000E-01   
1.520000E-01    1.520000E-01   
1.600000E-01    1.600000E-01   
1.680000E-01    1.680000E-01   
1.760000E-01    1.760000E-01   
1.840000E-01    1.840000E-01   
1.920000E-01    1.920000E-01   
2.000000E-01    2.000000E-01   
2.080000E-01    2.080000E-01   
2.160000E-01    2.160000E-01   
2.240000E-01    2.240000E-01   
2.320000E-01    2.320000E-01   
2.400000E-01    2.400000E-01   
2.480000E-01    2.480000E-01   
2.560000E-01    2.560000E-01   
2.640000E-01    2.640000E-01   
2.720000E-01    2.720000E-01   
2.800000E-01    2.800000E-01   
2.880000E-01    2.880000E-01   
2.960000E-01    2.960000E-01   
3.040000E-01    3.040000E-01   
3.120000E-01    3.120000E-01   
3.200000E-01    3.200000E-01   
3.280000E-01    3.280000E-01   
3.360000E-01    3.360000E-01   
3.440000E-01    3.440000E-01   
3.520000E-01    3.520000E-01   
3.600000E-01    3.600000E-01   
3.680000E-01    3.680000E-01   
3.760000E-01    3.760000E-01   
3.840000E-01    3.840000E-01   
3.920000E-01    3.920000E-01   
4.000000E-01    4.000000E-01   
4.080000E-01    4.080000E-01   
4.160000E-01    4.160000E-01   
4.240000E-01    4.240000E-01   
4.320000E-01    4.320000E-01   
4.400000E-01    4.400000E-01   
4.480000E-01    4.480000E-01   
4.560000E-01    4.560000E-01   
4.640000E-01    4.640000E-01   
4.720000E-01    4.720000E-01   
4.800000E-01    4.800000E-01   
4.880000E-01    4.880000E-01   
4.960000E-01    4.960000E-01   
5.040000E-01    5.040000E-01   
5.120000E-01    5.120000E-01   
5.200000E-01    5.200000E-01   
5.280000E-01    5.280000E-01   
5.360000E-01    5.360000E-01   
5.440000E-01    5.440000E-01   
5.520000E-01    5.520000E-01   
5.600000E-01    5.600000E-01   
5.680000E-01    5.680000E-01   
5.760000E-01    5.760000E-01   
5.840000E-01    5.840000E-01   
5.920000E-01    5.920000E-01   
6.000000E-01    6.000000E-01   
6.080000E-01    6.080000E-01   
6.160000E-01    6.160000E-01   
6.240000E-01    6.240000E-01   
6.320000E-01    6.320000E-01   
6.400000E-01    6.400000E-01   
6.480000E-01    6.480000E-01   
6.560000E-01    6.560000E-01   
6.640000E-01    6.640000E-01   
6.720000E-01    6.720000E-01   
6.800000E-01    6.800000E-01   
6.880000E-01    6.880000E-01   
6.960000E-01    6.960000E-01   
7.040000E-01    7.040000E-01   
7.120000E-01    7.120000E-01   
7.200000E-01    7.200000E-01   
7.280000E-01    7.280000E-01   
7.360000E-01    7.360000E-01   
7.440000E-01    7.440000E-01   
7.520000E-01    7.520000E-01   
7.600000E-01    7.600000E-01   
7.680000E-01    7.680000E-01   
7.760000E-01    7.760000E-01   
7.840000E-01    7.840000E-01   
7.920000E-01    7.920000E-01   
8.000000E-01    8.000000E-01   
8.080000E-01    8.080000E-01   
8.160000E-01    8.160000E-01   
8.240000E-01    8.240000E-01   
8.320000E-01    8.320000E-01   
8.400000E-01    8.400000E-01   
8.480000E-01    8.480000E-01   
8.560000E-01    8.560000E-01   
8.640000E-01    8.640000E-01   
8.720000E-01    8.720000E-01   
8.800000E-01    8.800000E-01   
8.880000E-01    8.880000E-01   
8.960000E-01    8.960000E-01   
9.040000E-01    9.040000E-01   
9.120000E-01    9.120000E-01   
9.200000E-01    9.200000E-01   
9.280000E-01    9.280000E-01   
9.360000E-01    9.360000E-01   
9.440000E-01    9.440000E-01   
9.520000E-01    9.520000E-01   
9.600000E-01    9.600000E-01   
9.680000E-01    9.680000E-01   
9.760000E-01    9.760000E-01   
9.840000E-01    9.840000E-01   
9.920000E-01    9.920000E-01   
1.000000E+00    1.000000E+00   
1.008000E+00    1.008000E+00   
1.016000E+00    1.016000E+00   
1.024000E+00    1.024000E+00   
1.032000E+00    1.032000E+00   
1.040000E+00    1.040000E+00   
1.048000E+00    1.048000E+00   
1.056000E+00    1.056000E+00   
1.064000E+00    1.064000E+00   
1.072000E+00    1.072000E+00   
1.080000E+00    1.080000E+00   
1.088000E+00    1.088000E+00   
1.096000E+00    1.096000E+00   
1.104000E+00    1.104000E+00   
1.112000E+00    1.112000E+00   
1.120000E+00    1.120000E+00   
1.128000E+00    1.128000E+00   
1.136000E+00    1.136000E+00   
1.144000E+00    1.144000E+00   
1.152000E+00    1.152000E+00   
1.160000E+00    1.160000E+00   
1.168000E+00    1.168000E+00   
1.176000E+00    1.176000E+00   
1.184000E+00    1.184000E+00   
1.192000E+00    1.192000E+00   
1.200000E+00    1.200000E+00   
1.208000E+00    1.208000E+00   
1.216000E+00    1.216000E+00   
1.224000E+00    1.224000E+00   
1.232000E+00    1.232000E+00   
1.240000E+00    1.240000E+00   
1.248000E+00    1.248000E+00   
1.256000E+00    1.256000E+00   
1.264000E+00    1.264000E+00   
1.272000E+00    1.272000E+00   
1.280000E+00    1.280000E+00   
1.288000E+00    1.288000E+00   
1.296000E+00    1.296000E+00   
1.304000E+00    1.304000E+00   
1.312000E+00    1.312000E+00   
1.320000E+00    1.320000E+00   
1.328000E+00    1.328000E+00   
1.336000E+00    1.336000E+00   
1.344000E+00    1.344000E+00   
1.352000E+00    1.352000E+00   
1.360000E+00    1.360000E+00   
1.368000E+00    1.368000E+00   
1.376000E+00    1.376000E+00   
1.384000E+00    1.384000E+00   
1.392000E+00    1.392000E+00   
1.400000E+00    1.400000E+00   
1.408000E+00    1.408000E+00   
1.416000E+00    1.416000E+00   
1.424000E+00    1.424000E+00   
1.432000E+00    1.432000E+00   
1.440000E+00    1.440000E+00   
1.448000E+00    1.448000E+00   
1.456000E+00    1.456000E+00   
1.464000E+00    1.464000E+00   
1.472000E+00    1.472000E+00   
1.480000E+00    1.480000E+00   
1.488000E+00    1.488000E+00   
1.496000E+00    1.496000E+00   
1.504000E+00    1.504000E+00   
1.512000E+00    1.512000E+00   
1.520000E+00    1.520000E+00   
1.528000E+00    1.528000E+00   
1.536000E+00    1.536000E+00   
1.544000E+00    1.544000E+00   
1.552000E+00    1.552000E+00   
1.560000E+00    1.560000E+00   
1.568000E+00    1.568000E+00   
1.576000E+00    1.576000E+00   
1.584000E+00    1.584000E+00   
1.592000E+00    1.592000E+00   
1.600000E+00    1.600000E+00   
1.608000E+00    1.608000E+00   
1.616000E+00    1.616000E+00   
1.624000E+00    1.624000E+00   
1.632000E+00    1.632000E+00   
1.640000E+00    1.640000E+00   
1.648000E+00    1.648000E+00   
1.656000E+00    1.656000E+00   
1.664000E+00    1.664000E+00   
1.672000E+00    1.672000E+00   
1.680000E+00    1.680000E+00   
1.688000E+00    1.688000E+00   
1.696000E+00    1.696000E+00   
1.704000E+00    1.704000E+00   
1.712000E+00    1.712000E+00   
1.720000E+00    1.720000E+00   
1.728000E+00    1.728000E+00   
1.736000E+00    1.736000E+00   
1.744000E+00    1.744000E+00   
1.752000E+00    1.752000E+00   
1.760000E+00    1.760000E+00   
1.768000E+00    1.768000E+00   
1.776000E+00    1.776000E+00   
1.784000E+00    1.784000E+00   
1.792000E+00    1.792000E+00   
1.800000E+00    1.800000E+00   
1.808000E+00    1.808000E+00   
1.816000E+00    1.816000E+00   
1.824000E+00    1.824000E+00   
1.832000E+00    1.832000E+00   
1.840000E+00    1.840000E+00   
1.848000E+00    1.848000E+00   
1.856000E+00    1.856000E+00   
1.864000E+00    1.864000E+00   
1.872000E+00    1.872000E+00   
1.880000E+00    1.880000E+00   
1.888000E+00    1.888000E+00   
1.896000E+00    1.896000E+00   
1.904000E+00    1.904000E+00   
1.912000E+00    1.912000E+00   
1.920000E+00    1.920000E+00   
1.928000E+00    1.928000E+00   
1.936000E+00    1.936000E+00   
1.944000E+00    1.944000E+00   
1.952000E+00    1.952000E+00   
1.960000E+00    1.960000E+00   
1.968000E+00    1.968000E+00   
1.976000E+00    1.976000E+00   
1.984000E+00    1.984000E+00   
1.992000E+00    1.992000E+00   
2.000000E+00    2.000000E+00   
